1 614
1 215
1 738
6 35
6 40
6 9
7 168
7 668
7 601
4 7
9 7
10 324
10 6
11 324
14 464
14 623
15 16
15 18
15 25
15 26
16 389
16 292
18 149
18 375
18 411
18 63
19 135
21 438
22 374
22 23
26 147
26 185
26 186
27 170
27 173
28 677
28 30
28 39
29 30
33 690
33 460
40 100
41 228
41 216
41 641
41 848
41 291
42 72
42 14
43 588
43 528
43 590
43 188
43 18
43 26
46 589
46 787
46 491
46 151
48 22
48 73
50 45
54 169
54 53
55 374
56 626
56 169
56 818
56 14
57 782
58 643
58 257
58 146
58 478
58 681
59 645
59 604
60 61
62 622
62 449
62 538
62 595
64 807
64 38
66 65
68 67
69 67
70 160
71 73
72 331
72 25
74 11
75 363
76 155
77 76
79 77
81 243
81 248
81 301
81 302
81 374
82 69
84 314
84 26
84 85
85 87
86 84
86 26
88 499
88 706
88 591
88 644
88 211
91 99
98 97
102 101
102 155
105 106
107 104
107 108
107 144
107 105
109 105
109 224
109 603
110 109
110 64
113 115
113 144
123 126
125 124
128 724
128 771
128 473
129 128
131 678
133 822
133 789
133 239
134 19
134 133
135 795
135 479
139 22
140 611
140 650
143 619
145 186
145 705
145 437
145 499
145 709
145 831
145 147
146 633
146 18
146 411
146 752
146 769
146 659
147 276
147 277
147 278
147 329
147 339
147 186
149 749
149 502
149 472
149 439
151 501
151 562
151 669
151 797
151 475
151 164
151 152
151 699
154 151
156 492
156 649
156 155
157 339
157 276
157 156
157 610
157 435
157 628
157 657
157 693
157 352
157 145
158 452
158 835
158 496
158 834
158 569
158 564
158 480
158 721
159 148
159 149
159 150
159 586
159 552
160 151
160 152
160 153
160 154
160 634
160 636
160 484
160 814
161 293
161 602
161 631
161 208
161 146
161 153
161 159
162 779
162 164
162 151
162 152
162 208
162 161
164 152
164 575
164 560
164 585
165 818
165 740
165 379
165 226
165 529
165 421
165 439
166 721
166 837
166 527
166 149
166 374
167 451
167 576
167 446
168 601
168 668
169 532
169 458
169 840
169 810
170 173
172 253
172 222
172 290
173 171
174 175
176 512
176 177
176 578
177 772
177 379
179 661
180 554
180 511
180 385
180 579
180 441
180 756
180 788
180 620
181 407
181 159
181 158
181 163
182 494
182 781
182 514
182 703
182 737
183 182
184 176
185 180
187 156
187 170
187 192
187 523
188 528
188 590
188 169
188 588
189 282
189 517
189 173
189 417
189 739
189 778
189 846
189 526
189 672
190 189
191 148
192 155
192 156
192 157
193 643
193 376
194 761
194 471
194 193
194 754
195 166
196 149
197 165
197 196
198 148
198 191
198 199
200 146
200 149
200 150
200 168
200 196
200 156
200 192
202 160
203 238
203 189
204 785
204 465
204 548
204 559
204 390
205 623
205 639
205 490
206 184
208 146
209 503
209 531
209 179
210 157
211 644
211 694
211 143
211 145
211 186
211 216
211 150
213 486
213 506
213 507
213 650
214 180
215 654
215 175
216 852
216 215
216 808
219 421
219 218
220 347
220 281
220 385
220 498
221 325
221 369
223 659
223 225
223 224
224 603
224 727
226 728
226 485
226 223
226 610
226 748
228 519
228 742
228 383
230 229
233 297
234 766
234 651
234 489
234 812
234 543
235 563
235 544
236 686
237 854
237 534
237 359
237 312
238 377
238 522
238 822
238 789
238 463
238 617
238 794
238 806
239 175
241 240
241 242
241 243
241 244
241 245
245 243
245 244
244 242
244 243
247 818
247 748
247 246
256 254
256 255
257 407
258 257
258 259
260 542
260 618
261 260
262 220
262 385
262 571
262 572
263 35
263 111
264 263
264 249
264 248
265 773
265 521
265 592
269 267
269 268
267 268
270 267
270 268
270 269
271 689
271 541
272 284
273 269
274 267
274 268
274 270
274 269
275 226
275 753
276 339
276 329
276 816
277 349
280 483
280 294
281 262
281 726
281 385
281 716
281 843
282 238
285 600
285 827
285 731
285 407
287 38
290 264
291 298
292 607
292 839
292 237
293 730
295 316
296 623
296 790
296 520
296 630
296 281
300 240
300 241
300 242
300 243
300 244
300 245
307 240
307 241
307 242
307 243
307 244
307 245
307 304
307 308
309 290
310 250
312 232
312 317
313 237
315 227
315 231
315 229
315 249
315 291
315 323
315 394
316 318
317 295
320 231
320 233
320 240
320 241
320 243
320 244
320 245
320 288
320 289
320 297
320 299
320 300
320 301
320 302
320 304
320 305
320 306
321 322
325 369
325 324
326 510
326 522
326 794
327 447
327 584
327 520
327 630
328 821
328 757
329 831
329 277
329 567
329 746
329 851
331 330
340 851
340 233
342 679
344 343
345 337
345 346
345 353
347 281
347 776
347 498
347 377
347 385
348 377
348 340
349 328
351 355
352 363
353 346
354 352
357 329
358 349
358 189
358 384
361 360
362 334
365 334
365 332
366 365
366 364
367 330
367 334
367 331
367 335
368 366
368 364
371 366
371 364
371 368
372 370
376 291
376 224
377 671
377 786
377 282
378 725
378 594
378 652
379 818
379 329
379 357
379 246
381 378
381 593
381 725
382 352
382 362
382 238
382 282
383 809
383 743
383 747
383 536
383 556
383 838
383 417
383 778
383 846
383 526
384 426
384 783
384 549
384 777
384 646
384 256
385 554
385 579
385 511
385 608
388 464
388 623
388 281
388 296
388 347
388 463
389 598
389 292
391 233
391 297
391 666
392 723
392 685
392 799
392 629
392 800
392 530
392 751
392 539
392 466
392 558
392 803
392 459
392 476
394 314
396 630
396 667
396 680
396 775
397 373
398 462
398 682
398 237
398 359
398 312
398 373
400 374
400 401
401 373
403 430
404 764
404 715
404 768
406 820
406 454
407 497
407 655
407 660
407 547
410 374
411 549
411 611
411 650
412 619
412 519
412 516
413 329
414 763
414 684
414 570
417 739
417 846
417 526
417 672
417 778
420 202
420 152
416 505
416 477
418 504
418 793
421 374
421 401
421 432
421 400
422 546
422 656
422 691
422 765
424 258
424 741
424 352
425 653
427 813
427 550
427 802
427 712
428 415
428 424
431 375
432 374
432 401
432 377
432 385
432 395
432 396
432 410
432 411
433 401
446 451
454 453
487 464
487 1
457 377
457 220
457 262
457 281
457 463
498 457
488 688
488 275
494 348
458 54
458 56
471 535
471 635
483 540
483 566
491 422
491 265
497 442
497 547
465 427
465 418
465 785
473 127
459 476
459 466
459 558
462 676
462 682
466 558
466 803
474 692
474 356
475 22
475 164
475 162
481 474
481 374
481 168
484 634
484 625
484 636
490 574
490 615
490 475
501 154
501 202
501 160
482 17
482 195
455 209
455 445
455 143
445 352
456 146
478 681
478 817
478 645
478 131
478 75
495 211
499 412
499 516
499 519
503 455
516 179
516 519
516 742
516 706
531 720
550 712
550 802
550 465
550 204
550 785
506 507
512 177
512 578
523 363
537 18
537 192
541 689
542 261
542 618
502 647
502 749
505 792
505 477
515 351
527 721
533 651
533 766
533 812
533 489
543 729
543 812
509 574
509 615
509 490
509 164
509 560
524 711
524 616
524 858
524 202
529 375
529 363
530 629
530 648
530 723
530 685
530 799
530 800
539 466
539 751
539 800
545 801
545 637
545 476
545 392
508 828
508 384
508 360
508 755
517 360
517 626
517 203
534 854
534 398
536 556
536 838
536 804
536 517
514 518
514 348
518 348
518 494
525 358
525 181
518 182
532 54
532 56
513 738
513 1
513 614
513 111
535 635
535 194
540 280
540 566
540 294
547 442
551 407
551 58
504 465
504 793
548 785
548 465
548 559
511 238
511 282
511 579
520 630
520 667
520 775
522 282
522 385
522 794
554 579
554 522
561 639
561 790
561 623
561 464
561 205
561 282
561 238
583 180
584 447
555 407
555 497
559 418
563 544
566 280
566 294
571 572
571 220
571 281
571 347
572 281
572 347
589 491
589 675
595 443
595 449
595 538
595 448
598 16
598 292
556 838
570 21
570 201
560 575
560 585
562 501
562 153
562 152
562 844
567 746
567 191
567 148
574 475
574 164
575 574
575 509
581 682
581 462
581 398
585 574
557 444
557 411
557 165
564 496
564 452
564 569
564 834
565 382
565 467
565 356
568 356
576 446
576 451
577 208
582 233
582 297
582 666
593 594
593 652
593 378
593 725
594 381
594 652
594 725
578 193
553 193
586 552
597 156
597 18
580 44
580 808
587 59
587 58
587 796
587 408
588 590
588 528
590 528
591 211
591 694
591 644
604 587
604 58
619 456
619 146
642 412
642 352
642 495
642 216
643 59
643 456
643 633
645 587
645 408
645 604
610 435
610 837
611 650
618 261
628 339
641 642
649 18
649 192
603 727
603 780
603 851
603 404
612 855
612 379
613 557
613 440
613 611
613 192
640 830
640 469
647 749
647 149
605 627
605 625
605 160
605 484
605 634
605 636
605 202
605 205
616 711
616 398
616 858
858 205
621 448
621 226
621 610
621 721
621 633
621 146
625 160
625 634
629 648
629 685
634 636
637 466
637 558
637 392
638 845
638 217
648 392
648 539
648 466
648 803
648 801
648 476
648 638
632 436
632 536
632 383
646 777
646 632
646 662
617 806
617 388
617 463
617 282
617 794
620 788
620 756
620 441
624 132
639 790
608 262
608 347
608 281
608 571
608 572
609 410
609 488
635 194
602 293
602 631
602 730
602 664
607 598
607 389
631 293
631 664
631 730
606 551
606 407
622 443
622 449
622 595
622 826
622 448
622 745
600 731
600 827
601 668
856 442
856 547
856 655
856 407
856 497
856 555
856 551
856 606
663 457
696 214
696 180
656 691
656 265
656 521
664 293
664 730
675 491
675 46
691 546
655 442
655 606
655 551
655 547
655 497
660 62
660 443
660 449
660 448
660 622
660 538
668 342
342 601
653 426
654 66
658 406
667 630
667 680
667 265
671 786
671 282
680 630
680 775
680 520
695 406
695 820
695 454
695 658
662 632
662 777
662 809
672 526
672 739
672 778
672 846
690 460
669 154
669 152
669 153
669 501
676 682
677 30
676 398
685 648
687 801
687 545
698 779
698 475
698 615
698 574
698 490
698 509
698 560
698 164
699 154
699 501
652 725
670 469
670 697
683 356
683 710
692 642
692 641
692 216
683 568
683 474
697 157
697 226
657 210
657 628
657 339
673 271
673 187
673 523
674 45
674 156
674 192
674 379
689 349
693 657
693 628
659 643
659 633
659 619
661 412
661 352
678 604
678 59
681 643
681 587
681 659
681 408
694 644
694 88
702 362
702 661
705 437
705 122
705 709
705 156
705 192
706 179
706 499
706 742
709 122
709 437
709 156
709 192
720 209
720 619
720 412
742 519
701 552
701 159
713 408
713 796
713 587
713 645
713 604
713 59
741 352
710 378
710 356
719 470
719 363
719 75
727 780
728 485
729 812
729 489
729 234
732 470
732 356
733 830
733 383
740 748
740 818
740 527
740 621
740 721
744 721
744 527
707 373
707 708
708 373
708 627
711 858
711 373
723 648
723 685
723 629
746 148
746 159
746 191
746 198
736 517
736 556
736 189
736 173
743 747
743 127
743 809
743 436
747 436
714 571
714 572
714 347
714 262
714 281
726 220
726 571
726 572
726 262
726 498
703 737
703 514
703 518
704 488
704 494
717 410
717 609
717 734
718 704
718 609
718 488
718 358
717 358
734 609
737 518
737 514
715 54
715 764
715 55
715 768
738 173
738 614
738 784
735 641
735 41
735 292
745 62
745 443
745 538
745 448
724 473
724 771
724 229
731 606
731 827
716 487
716 654
722 116
722 755
755 736
755 189
756 441
756 788
756 583
757 821
774 718
774 348
775 630
775 667
789 822
789 239
790 579
790 180
790 385
790 511
790 554
790 205
794 282
794 189
794 377
758 27
758 262
774 60
759 510
776 220
776 843
776 498
753 781
760 348
760 213
760 650
760 181
767 688
767 275
781 760
764 55
764 768
782 532
782 169
782 458
782 840
754 761
754 471
754 535
754 635
761 635
761 471
761 535
784 555
765 521
765 265
765 589
773 765
773 46
773 589
787 589
787 675
771 127
793 204
763 21
777 755
777 189
751 530
751 629
751 648
751 685
770 151
770 152
770 154
770 153
779 475
779 574
779 615
797 154
799 800
799 648
799 638
800 751
750 638
750 799
766 152
766 151
766 153
780 224
780 851
791 227
791 573
791 766
791 234
792 674
792 45
792 150
798 234
798 18
798 613
798 557
798 537
798 520
772 176
772 64
772 512
772 578
772 807
772 149
772 168
783 411
783 549
783 18
752 633
752 143
752 412
752 619
769 752
769 720
796 408
796 59
796 604
796 645
814 484
814 625
814 202
829 459
829 476
829 803
829 637
829 392
832 373
832 707
832 708
841 154
841 669
841 797
844 154
844 501
845 217
815 250
815 227
830 469
830 563
830 544
830 235
830 236
830 686
834 569
834 835
834 233
835 569
835 496
842 147
842 351
842 355
842 398
850 461
850 577
850 208
853 480
853 77
855 845
855 378
855 381
807 578
807 512
807 176
816 329
816 349
837 818
848 641
848 389
848 590
852 848
808 287
813 802
817 131
817 681
817 58
804 517
804 556
804 838
804 189
804 383
804 384
854 398
806 282
806 522
806 794
811 220
820 454
820 14
822 239
822 175
805 758
805 696
823 27
843 571
843 572
843 608
843 262
824 410
824 609
824 717
824 825
824 734
825 734
825 717
810 458
810 57
810 840
840 458
840 57
839 607
839 16
839 598
847 422
847 265
847 521
847 546
847 592
847 656
847 691
847 765
826 62
826 443
826 538
826 595
826 660
849 407
849 555
849 856
849 655
849 547
849 497
827 606
492 18
492 192
831 284
686 544
686 563
686 235
688 275
573 227
193 192
168 62
863 617
863 806
863 238
863 282
863 794
862 511
862 385
862 579
865 764
865 55
865 54
865 715
867 65
893 286
894 285
894 895
894 896
895 285
894 899
896 285
897 286
3 157
899 285
868 793
876 479
876 795
882 748
882 740
878 766
886 783
886 411
886 549
900 379
901 259
902 257
903 88
904 76
905 76
906 905
906 76
904 906
907 421
909 421
909 907
910 219
911 407
912 407
912 911
913 58
913 407
913 911
913 912
912 58
914 58
914 911
914 912
914 913
914 407
665 160
665 699
665 154
665 501
861 620
861 788
861 756
861 441
864 132
866 551
866 442
866 547
866 655
866 497
866 856
866 407
866 555
866 849
866 911
866 914
866 912
866 913
869 536
870 475
870 779
870 698
870 574
870 615
871 152
871 151
871 770
871 153
872 30
872 28
873 392
873 530
873 629
874 637
874 687
874 801
875 462
875 581
875 676
875 682
877 467
879 744
880 569
880 835
880 834
880 564
880 496
881 527
881 721
881 818
881 748
883 577
890 148
890 191
890 702
889 817
889 681
889 478
859 374
3 165
57 56
138 136
153 151
153 152
330 329
374 103
2 137
5 324
5 10
5 11
12 62
12 826
13 330
20 19
24 274
31 387
32 69
32 82
32 84
32 87
32 81
32 405
32 353
32 242
32 314
32 288
32 279
34 418
36 280
37 611
37 650
47 320
47 779
49 145
49 186
49 156
51 136
52 320
78 69
78 82
80 186
80 145
80 81
83 41
83 848
89 175
90 249
92 155
93 634
93 814
94 331
95 2
96 95
96 97
112 51
114 336
118 41
119 412
120 363
120 529
121 120
121 529
121 363
119 121
130 282
142 290
207 65
212 716
251 312
252 352
266 255
266 256
311 344
333 97
338 84
338 87
341 429
350 382
386 221
399 393
402 110
409 739
409 417
419 418
423 266
429 137
434 402
450 268
468 223
500 816
500 662
500 276
500 349
860 794
884 187
887 643
887 713
888 519
888 619
891 179
891 742
892 179
