1 614
1 215
1 738
1 487
1 513
2 137
2 95
3 157
3 165
4 7
5 324
5 10
5 11
6 35
6 40
6 9
6 10
7 168
7 668
7 601
7 4
7 9
9 6
9 7
10 324
10 6
10 5
11 324
11 74
11 5
12 62
12 826
13 330
14 464
14 623
14 42
14 56
14 820
15 16
15 18
15 25
15 26
16 15
16 389
16 292
16 598
16 839
17 482
18 15
18 149
18 375
18 411
18 63
18 43
18 146
18 537
18 597
18 649
18 798
18 783
18 492
19 135
19 134
19 20
20 19
21 438
21 570
21 763
22 374
22 23
22 48
22 139
22 475
23 22
24 274
25 15
25 72
26 15
26 147
26 185
26 186
26 43
26 84
26 86
27 170
27 173
27 758
27 823
28 677
28 30
28 39
28 872
29 30
30 28
30 29
30 677
30 872
31 387
32 69
32 82
32 84
32 87
32 81
32 405
32 353
32 242
32 314
32 288
32 279
33 690
33 460
34 418
35 6
35 263
36 280
37 611
37 650
38 64
38 287
39 28
40 6
40 100
41 228
41 216
41 641
41 848
41 291
41 735
41 83
41 118
42 72
42 14
43 588
43 528
43 590
43 188
43 18
43 26
44 580
45 50
45 674
45 792
46 589
46 787
46 491
46 151
46 675
46 773
47 320
47 779
48 22
48 73
49 145
49 186
49 156
50 45
51 136
51 112
52 320
53 54
54 169
54 53
54 458
54 532
54 715
54 865
55 374
55 715
55 764
55 865
56 626
56 169
56 818
56 14
56 458
56 532
56 57
57 782
57 810
57 840
57 56
58 643
58 257
58 146
58 478
58 681
58 551
58 587
58 604
58 817
58 913
58 912
58 914
59 645
59 604
59 587
59 643
59 678
59 713
59 796
60 61
60 774
61 60
62 622
62 449
62 538
62 595
62 660
62 745
62 826
62 168
62 12
63 18
64 807
64 38
64 110
64 772
65 66
65 867
65 207
66 65
66 654
67 68
67 69
68 67
69 67
69 82
69 32
69 78
70 160
71 73
72 42
72 331
72 25
73 48
73 71
134 19
134 133
75 363
75 478
75 719
76 155
76 77
76 904
76 905
76 906
77 76
77 79
77 853
78 69
78 82
79 77
80 186
80 145
80 81
81 243
81 248
81 301
81 302
81 374
81 32
81 80
82 69
82 32
82 78
83 41
83 848
84 314
84 26
84 85
84 86
84 32
84 338
85 84
85 87
86 84
86 26
87 85
87 32
87 338
88 499
88 706
88 591
88 644
88 211
88 694
88 903
89 175
90 249
91 99
92 155
93 634
93 814
94 331
95 2
95 96
96 95
96 97
97 98
97 96
97 333
98 97
99 91
100 40
101 102
102 101
102 155
103 374
104 107
105 106
105 107
105 109
106 105
107 104
107 108
107 144
107 105
108 107
109 105
109 224
109 603
109 110
110 109
110 64
110 402
111 263
111 513
112 51
113 115
113 144
114 336
115 113
116 722
118 41
119 412
119 121
120 363
120 529
120 121
121 120
121 529
121 363
121 119
122 705
122 709
123 126
124 125
125 124
126 123
127 473
127 743
127 771
128 724
128 771
128 473
128 129
129 128
130 282
131 678
131 478
131 817
132 624
132 864
133 822
133 789
133 239
133 134
74 11
135 19
135 795
135 479
136 138
136 51
137 2
137 429
138 136
139 22
140 611
140 650
142 290
143 619
143 211
143 455
143 752
144 107
144 113
145 186
145 705
145 437
145 499
145 709
145 831
145 147
145 157
145 211
145 49
145 80
146 58
146 633
146 18
146 411
146 752
146 769
146 659
146 161
146 200
146 208
146 456
146 619
146 621
147 26
147 145
147 276
147 277
147 278
147 329
147 339
147 186
147 842
148 159
148 191
148 198
148 567
148 746
148 890
149 18
149 749
149 502
149 472
149 439
149 159
149 166
149 196
149 200
149 647
149 772
150 159
150 200
150 211
150 792
151 46
151 501
151 562
151 669
151 797
151 475
151 164
151 152
151 699
151 154
151 160
151 162
151 770
151 766
151 871
151 153
152 151
152 160
152 162
152 164
152 420
152 562
152 669
152 770
152 766
152 871
152 153
153 160
153 161
153 562
153 669
153 770
153 766
153 871
153 151
153 152
154 151
154 160
154 501
154 669
154 699
154 770
154 797
154 841
154 844
154 665
155 76
155 102
155 156
155 192
155 92
156 492
156 649
156 155
156 157
156 187
156 192
156 200
156 597
156 674
156 705
156 709
156 49
157 339
157 276
157 156
157 610
157 435
157 628
157 657
157 693
157 352
157 145
157 192
157 210
157 697
157 3
158 452
158 835
158 496
158 834
158 569
158 564
158 480
158 721
158 181
159 148
159 149
159 150
159 586
159 552
159 161
159 181
159 701
159 746
160 70
160 151
160 152
160 153
160 154
160 634
160 636
160 484
160 814
160 202
160 501
160 605
160 625
160 665
161 293
161 602
161 631
161 208
161 146
161 153
161 159
161 162
162 779
162 164
162 151
162 152
162 208
162 161
162 475
163 181
164 151
164 162
164 152
164 575
164 560
164 585
164 475
164 509
164 574
164 698
165 818
165 740
165 379
165 226
165 529
165 421
165 439
165 197
165 557
165 3
166 721
166 837
166 527
166 149
166 374
166 195
167 451
167 576
167 446
168 7
168 601
168 668
168 200
168 481
168 772
168 62
169 54
169 56
169 532
169 458
169 840
169 810
169 188
169 782
170 27
170 173
170 187
171 173
172 253
172 222
172 290
173 27
173 170
173 171
173 189
173 736
173 738
174 175
175 174
175 215
175 239
175 822
175 89
176 512
176 177
176 578
176 184
176 772
176 807
177 176
177 772
177 379
177 512
179 661
179 209
179 516
179 706
179 891
179 892
180 554
180 511
180 385
180 579
180 441
180 756
180 788
180 620
180 185
180 214
180 583
180 696
180 790
181 407
181 159
181 158
181 163
181 525
181 760
182 494
182 781
182 514
182 703
182 737
182 183
182 518
183 182
184 176
184 206
185 26
185 180
186 26
186 145
186 147
186 211
186 49
186 80
187 156
187 170
187 192
187 523
187 673
187 884
188 43
188 528
188 590
188 169
188 588
189 282
189 517
189 173
189 417
189 739
189 778
189 846
189 526
189 672
189 190
189 203
189 358
189 736
189 755
189 794
189 777
189 804
190 189
191 148
191 198
191 567
191 746
191 890
192 187
192 155
192 156
192 157
192 200
192 537
192 649
192 613
192 674
192 705
192 709
192 492
192 193
193 643
193 376
193 194
193 578
193 553
193 192
194 761
194 471
194 193
194 754
194 535
194 635
195 166
195 482
196 149
196 197
196 200
197 165
197 196
198 148
198 191
198 199
198 746
199 198
200 146
200 149
200 150
200 168
200 196
200 156
200 192
201 570
202 160
202 420
202 501
202 524
202 605
202 814
203 238
203 189
203 517
204 785
204 465
204 548
204 559
204 390
204 550
204 793
205 623
205 639
205 490
205 561
205 605
205 858
205 790
206 184
207 65
208 161
208 162
208 146
208 577
208 850
209 503
209 531
209 179
209 455
209 720
210 157
210 657
211 88
211 644
211 694
211 143
211 145
211 186
211 216
211 150
211 495
211 591
212 716
213 486
213 506
213 507
213 650
213 760
214 180
214 696
215 1
215 654
215 175
215 216
216 41
216 211
216 852
216 215
216 808
216 642
216 692
217 638
217 845
218 219
219 421
219 218
219 910
220 347
220 281
220 385
220 498
220 262
220 457
220 571
220 726
220 776
220 811
221 325
221 369
221 386
223 659
223 225
223 224
223 226
223 468
224 109
224 223
224 603
224 727
224 376
224 780
225 223
226 165
226 728
226 485
226 223
226 610
226 748
226 275
226 621
226 697
227 315
227 791
227 815
227 573
228 41
228 519
228 742
228 383
229 230
229 315
229 724
230 229
231 315
231 320
232 312
233 297
233 320
233 340
233 391
233 582
233 834
234 766
234 651
234 489
234 812
234 543
234 729
234 791
234 798
235 563
235 544
235 830
235 686
236 686
236 830
237 854
237 534
237 359
237 312
237 292
237 313
237 398
238 203
238 377
238 522
238 822
238 789
238 463
238 617
238 794
238 806
238 282
238 382
238 511
238 561
238 863
239 133
239 175
239 789
239 822
240 241
240 300
240 307
240 320
241 240
241 242
241 243
241 244
241 245
241 300
241 307
241 320
242 241
242 244
242 300
242 307
242 32
243 81
243 241
243 245
243 244
243 300
243 307
243 320
244 241
244 245
244 242
244 243
244 300
244 307
244 320
245 241
245 243
245 244
245 300
245 307
245 320
246 247
246 379
247 818
247 748
247 246
248 81
248 264
249 264
249 315
249 90
250 310
250 815
251 312
252 352
253 172
254 256
255 256
255 266
256 254
256 255
256 384
256 266
257 58
257 407
257 258
257 902
258 257
258 259
258 424
259 258
259 901
260 542
260 618
260 261
261 260
261 542
261 618
262 220
262 385
262 571
262 572
262 281
262 457
262 608
262 714
262 726
262 758
262 843
263 35
263 111
263 264
264 263
264 249
264 248
264 290
265 773
265 521
265 592
265 491
265 656
265 667
265 765
265 847
266 255
266 256
266 423
267 269
267 268
267 270
267 274
268 269
268 267
268 270
268 274
268 450
269 267
269 268
269 270
269 273
269 274
270 267
270 268
270 269
270 274
271 689
271 541
271 673
272 284
273 269
274 267
274 268
274 270
274 269
274 24
275 226
275 753
275 488
275 767
275 688
276 147
276 157
276 339
276 329
276 816
276 500
277 147
277 349
277 329
278 147
279 32
280 483
280 294
280 540
280 566
280 36
281 220
281 262
281 726
281 385
281 716
281 843
281 296
281 347
281 388
281 457
281 571
281 572
281 608
281 714
282 189
282 238
282 377
282 382
282 511
282 522
282 561
282 617
282 671
282 794
282 806
282 863
282 130
284 272
284 831
285 600
285 827
285 731
285 407
285 894
285 895
285 896
285 899
286 893
286 897
287 38
287 808
288 320
288 32
289 320
290 172
290 264
290 309
290 142
291 41
291 298
291 315
291 376
292 16
292 607
292 839
292 237
292 389
292 598
292 735
293 161
293 730
293 602
293 631
293 664
294 280
294 540
294 566
295 316
295 317
296 623
296 790
296 520
296 630
296 281
296 388
297 233
297 320
297 391
297 582
298 291
299 320
300 240
300 241
300 242
300 243
300 244
300 245
300 320
301 81
301 320
302 81
302 320
304 307
304 320
305 320
306 320
307 240
307 241
307 242
307 243
307 244
307 245
307 304
307 308
308 307
309 290
310 250
311 344
312 237
312 232
312 317
312 398
312 251
313 237
314 84
314 394
314 32
315 227
315 231
315 229
315 249
315 291
315 323
315 394
316 295
316 318
317 312
317 295
318 316
320 231
320 233
320 240
320 241
320 243
320 244
320 245
320 288
320 289
320 297
320 299
320 300
320 301
320 302
320 304
320 305
320 306
320 47
320 52
321 322
322 321
323 315
324 10
324 11
324 325
324 5
325 221
325 369
325 324
326 510
326 522
326 794
327 447
327 584
327 520
327 630
328 821
328 757
328 349
329 147
329 276
329 831
329 277
329 567
329 746
329 851
329 357
329 379
329 413
329 816
329 330
330 331
330 367
330 329
330 13
331 72
331 330
331 367
331 94
332 365
333 97
334 362
334 365
334 367
335 367
336 114
337 345
338 84
338 87
339 147
339 157
339 276
339 628
339 657
340 851
340 233
340 348
341 429
342 679
342 668
342 601
343 344
344 343
344 311
345 337
345 346
345 353
346 345
346 353
347 220
347 281
347 776
347 498
347 377
347 385
347 388
347 571
347 572
347 608
347 714
348 377
348 340
348 494
348 514
348 518
348 774
348 760
349 277
349 328
349 358
349 689
349 816
349 500
350 382
351 355
351 515
351 842
352 157
352 363
352 354
352 382
352 424
352 445
352 642
352 661
352 741
352 252
353 345
353 346
353 32
404 764
404 715
404 768
404 603
355 351
355 842
356 474
356 565
356 568
356 683
356 710
356 732
357 329
357 379
358 349
358 189
358 384
358 525
358 718
358 717
359 237
359 398
360 361
360 508
360 517
361 360
362 334
362 382
362 702
363 75
363 352
363 523
363 529
363 719
363 120
363 121
364 366
364 368
364 371
365 334
365 332
365 366
366 365
366 364
366 368
366 371
367 330
367 334
367 331
367 335
368 366
368 364
368 371
369 221
369 325
370 372
371 366
371 364
371 368
372 370
373 397
373 398
373 401
373 707
373 708
373 711
373 832
374 22
374 55
374 81
374 166
374 400
374 410
374 421
374 432
374 481
374 859
374 103
375 18
375 431
375 529
376 193
376 291
376 224
377 238
377 347
377 348
377 671
377 786
377 282
377 432
377 457
377 794
378 725
378 594
378 652
378 381
378 593
378 710
378 855
379 165
379 177
379 818
379 329
379 357
379 246
379 612
379 674
379 900
381 378
381 593
381 725
381 594
381 855
382 352
382 362
382 238
382 282
382 565
382 350
383 228
383 809
383 743
383 747
383 536
383 556
383 838
383 417
383 778
383 846
383 526
383 632
383 733
383 804
384 358
384 426
384 783
384 549
384 777
384 646
384 256
384 508
384 804
385 180
385 220
385 262
385 281
385 347
385 554
385 579
385 511
385 608
385 432
385 522
385 790
385 862
386 221
387 31
388 464
388 623
388 281
388 296
388 347
388 463
388 617
389 16
389 598
389 292
389 607
389 848
390 204
391 233
391 297
391 666
392 723
392 685
392 799
392 629
392 800
392 530
392 751
392 539
392 466
392 558
392 803
392 459
392 476
392 545
392 637
392 648
392 829
392 873
393 399
394 315
394 314
395 432
396 630
396 667
396 680
396 775
396 432
397 373
398 462
398 682
398 237
398 359
398 312
398 373
398 534
398 581
398 616
398 676
398 842
398 854
399 393
400 374
400 401
400 421
401 400
401 373
401 421
401 432
401 433
402 110
402 434
403 430
405 32
406 820
406 454
406 658
406 695
407 181
407 257
407 285
407 497
407 655
407 660
407 547
407 551
407 555
407 606
407 856
407 849
407 911
407 912
407 913
407 914
407 866
408 587
408 645
408 681
408 713
408 796
409 739
409 417
410 374
410 432
410 609
410 717
410 824
411 18
411 146
411 549
411 611
411 650
411 432
411 557
411 783
411 886
412 619
412 519
412 516
412 499
412 642
412 661
412 720
412 752
412 119
413 329
414 763
414 684
414 570
415 428
416 505
416 477
417 189
417 383
417 739
417 846
417 526
417 672
417 778
417 409
418 504
418 793
418 465
418 559
418 34
418 419
419 418
420 202
420 152
421 165
421 219
421 374
421 401
421 432
421 400
421 907
421 909
422 546
422 656
422 691
422 765
422 491
422 847
423 266
424 258
424 741
424 352
424 428
425 653
426 384
426 653
427 813
427 550
427 802
427 712
427 465
428 415
428 424
429 341
429 137
430 403
431 375
432 421
432 374
432 401
432 377
432 385
432 395
432 396
432 410
432 411
433 401
434 402
435 157
435 610
436 632
436 743
436 747
437 145
437 705
437 709
438 21
439 149
439 165
440 613
441 180
441 620
441 756
441 861
442 497
442 547
442 856
442 655
442 866
443 595
443 622
443 660
443 745
443 826
444 557
445 455
445 352
446 167
446 451
446 576
447 327
447 584
448 595
448 621
448 622
448 660
448 745
449 62
449 595
449 622
449 660
450 268
451 167
451 446
451 576
452 158
452 564
453 454
454 406
454 453
454 695
454 820
455 209
455 445
455 143
455 503
456 146
456 619
456 643
457 377
457 220
457 262
457 281
457 463
457 498
457 663
458 169
458 54
458 56
458 782
458 810
458 840
459 392
459 476
459 466
459 558
459 829
460 33
460 690
461 850
462 398
462 676
462 682
462 581
462 875
463 238
463 388
463 457
463 617
464 14
464 388
464 487
464 561
465 204
465 427
465 418
465 785
465 550
465 504
465 548
466 392
466 459
466 558
466 803
466 539
466 637
466 648
467 565
467 877
468 223
469 640
469 670
469 830
470 719
470 732
471 194
471 535
471 635
471 754
471 761
472 149
473 128
473 127
473 724
474 692
474 356
474 481
474 683
475 151
475 22
475 164
475 162
475 490
475 574
475 698
475 779
475 870
476 392
476 459
476 545
476 648
476 829
477 416
477 505
478 58
478 681
478 817
478 645
478 131
478 75
478 889
479 135
479 876
480 158
480 853
481 474
481 374
481 168
482 17
482 195
483 280
483 540
483 566
484 160
484 634
484 625
484 636
484 605
484 814
485 226
485 728
486 213
487 464
487 1
487 716
488 688
488 275
488 609
488 704
488 718
489 234
489 533
489 729
490 205
490 574
490 615
490 475
490 509
490 698
491 46
491 422
491 265
491 589
491 675
492 156
492 18
492 192
494 182
494 348
494 518
494 704
495 211
495 642
496 158
496 564
496 835
496 880
497 407
497 442
497 547
497 555
497 856
497 655
497 849
497 866
498 220
498 347
498 457
498 726
498 776
499 88
499 145
499 412
499 516
499 519
499 706
500 816
500 662
500 276
500 349
501 151
501 154
501 202
501 160
501 562
501 669
501 699
501 844
501 665
502 149
502 647
502 749
503 209
503 455
504 418
504 465
504 793
505 416
505 792
505 477
506 213
506 507
507 213
507 506
508 828
508 384
508 360
508 755
509 574
509 615
509 490
509 164
509 560
509 575
509 698
510 326
510 759
511 180
511 385
511 238
511 282
511 579
511 790
511 862
512 176
512 177
512 578
512 772
512 807
513 738
513 1
513 614
513 111
514 182
514 518
514 348
514 703
514 737
515 351
516 412
516 499
516 179
516 519
516 742
516 706
517 189
517 360
517 626
517 203
517 536
517 736
517 804
518 514
518 348
518 494
518 182
518 703
518 737
519 228
519 412
519 499
519 516
519 742
519 888
520 296
520 327
520 630
520 667
520 775
520 680
520 798
521 265
521 656
521 765
521 847
522 238
522 326
522 282
522 385
522 794
522 554
522 806
523 187
523 363
523 673
524 711
524 616
524 858
524 202
525 358
525 181
526 189
526 383
526 417
526 672
527 166
527 721
527 740
527 744
527 881
528 43
528 188
528 588
528 590
529 165
529 375
529 363
529 120
529 121
530 392
530 629
530 648
530 723
530 685
530 799
530 800
530 751
530 873
531 209
531 720
532 169
532 54
532 56
532 782
533 651
533 766
533 812
533 489
534 237
534 854
534 398
535 471
535 635
535 194
535 754
535 761
536 383
536 556
536 838
536 804
536 517
536 632
536 869
537 18
537 192
537 798
538 62
538 595
538 660
538 745
538 826
539 392
539 466
539 751
539 800
539 648
540 483
540 280
540 566
540 294
541 271
541 689
542 260
542 261
542 618
543 234
543 729
543 812
544 235
544 563
544 830
544 686
545 801
545 637
545 476
545 392
545 687
546 422
546 691
546 847
547 407
547 497
547 442
547 856
547 655
547 849
547 866
548 204
548 785
548 465
548 559
549 384
549 411
549 783
549 886
550 427
550 712
550 802
550 465
550 204
550 785
551 407
551 58
551 606
551 856
551 655
551 866
552 159
552 586
552 701
553 193
554 180
554 385
554 579
554 522
554 790
555 407
555 497
555 856
555 784
555 849
555 866
556 383
556 536
556 838
556 736
556 804
557 444
557 411
557 165
557 613
557 798
558 392
558 459
558 466
558 637
559 204
559 548
559 418
560 164
560 509
560 575
560 585
560 698
561 639
561 790
561 623
561 464
561 205
561 282
561 238
562 151
562 501
562 153
562 152
562 844
563 235
563 544
563 830
563 686
564 158
564 496
564 452
564 569
564 834
564 880
565 382
565 467
565 356
566 483
566 540
566 280
566 294
567 329
567 746
567 191
567 148
568 356
568 683
569 158
569 564
569 834
569 835
569 880
570 414
570 21
570 201
571 262
571 572
571 220
571 281
571 347
571 608
571 714
571 726
571 843
572 262
572 571
572 281
572 347
572 608
572 714
572 726
572 843
573 791
573 227
574 490
574 509
574 475
574 164
574 575
574 585
574 698
574 779
574 870
575 164
575 560
575 574
575 509
576 167
576 446
576 451
577 208
577 850
577 883
578 176
578 512
578 193
578 772
578 807
579 180
579 385
579 511
579 554
579 790
579 862
580 44
580 808
581 682
581 462
581 398
581 875
582 233
582 297
582 666
583 180
583 756
584 327
584 447
585 164
585 560
585 574
586 159
586 552
587 59
587 58
587 796
587 408
587 604
587 645
587 681
587 713
588 43
588 188
588 590
588 528
589 46
589 491
589 675
589 765
589 773
589 787
590 43
590 188
590 588
590 528
590 848
591 88
591 211
591 694
591 644
592 265
592 847
593 381
593 594
593 652
593 378
593 725
594 378
594 593
594 381
594 652
594 725
595 62
595 443
595 449
595 538
595 448
595 622
595 826
597 156
597 18
598 389
598 16
598 292
598 607
598 839
600 285
600 731
600 827
601 7
601 168
601 668
601 342
602 161
602 293
602 631
602 730
602 664
603 109
603 224
603 727
603 780
603 851
603 404
604 59
604 587
604 58
604 645
604 678
604 713
604 796
605 627
605 625
605 160
605 484
605 634
605 636
605 202
605 205
606 551
606 407
606 856
606 655
606 731
606 827
607 292
607 598
607 389
607 839
608 385
608 262
608 347
608 281
608 571
608 572
608 843
609 410
609 488
609 717
609 718
609 734
609 824
610 157
610 226
610 435
610 837
610 621
611 140
611 411
611 650
611 613
611 37
612 855
612 379
613 557
613 440
613 611
613 192
613 798
614 1
614 513
614 738
615 490
615 509
615 698
615 779
615 870
616 524
616 711
616 398
616 858
617 238
617 806
617 388
617 463
617 282
617 794
617 863
618 260
618 542
618 261
619 143
619 412
619 456
619 146
619 659
619 720
619 752
619 888
620 180
620 788
620 756
620 441
620 861
621 448
621 226
621 610
621 721
621 633
621 146
621 740
622 62
622 443
622 449
622 595
622 826
622 448
622 745
622 660
623 14
623 205
623 296
623 388
623 561
624 132
625 484
625 605
625 160
625 634
625 814
626 56
626 517
627 605
627 708
628 157
628 339
628 657
628 693
629 392
629 530
629 648
629 685
629 723
629 751
629 873
630 296
630 327
630 396
630 520
630 667
630 680
630 775
631 161
631 602
631 293
631 664
631 730
632 436
632 536
632 383
632 646
632 662
633 146
633 643
633 621
633 659
633 752
634 160
634 484
634 605
634 625
634 636
634 93
635 471
635 535
635 194
635 754
635 761
636 160
636 484
636 605
636 634
637 545
637 466
637 558
637 392
637 829
637 874
638 845
638 217
638 648
638 799
638 750
639 205
639 561
639 790
640 830
640 469
641 41
641 642
641 692
641 735
641 848
642 412
642 352
642 495
642 216
642 641
642 692
643 58
643 193
643 59
643 456
643 633
643 659
643 681
643 887
644 88
644 211
644 591
644 694
645 59
645 478
645 587
645 408
645 604
645 713
645 796
646 384
646 777
646 632
646 662
647 502
647 749
647 149
648 530
648 629
648 392
648 539
648 466
648 803
648 801
648 476
648 638
648 685
648 723
648 751
648 799
649 156
649 18
649 192
650 140
650 213
650 411
650 611
650 760
650 37
651 234
651 533
652 378
652 593
652 594
652 725
653 425
653 426
654 215
654 66
654 716
655 407
655 856
655 442
655 606
655 551
655 547
655 497
655 849
655 866
656 422
656 691
656 265
656 521
656 847
657 157
657 210
657 628
657 339
657 693
658 406
658 695
659 146
659 223
659 643
659 633
659 619
659 681
660 407
660 62
660 443
660 449
660 448
660 622
660 538
660 826
661 179
661 412
661 352
661 702
662 646
662 632
662 777
662 809
662 500
663 457
664 602
664 631
664 293
664 730
665 160
665 699
665 154
665 501
666 391
666 582
667 396
667 520
667 630
667 680
667 265
667 775
668 7
668 168
668 601
668 342
669 151
669 154
669 152
669 153
669 501
669 841
670 469
670 697
671 377
671 786
671 282
672 189
672 417
672 526
672 739
672 778
672 846
673 271
673 187
673 523
674 45
674 156
674 192
674 379
674 792
675 589
675 491
675 46
675 787
676 462
676 682
676 398
676 875
677 28
677 30
678 131
678 604
678 59
679 342
680 396
680 667
680 630
680 775
680 520
681 58
681 478
681 643
681 587
681 659
681 408
681 817
681 889
682 398
682 462
682 581
682 676
682 875
683 356
683 710
683 568
683 474
684 414
685 392
685 530
685 629
685 648
685 723
685 751
686 236
686 830
686 544
686 563
686 235
687 801
687 545
687 874
688 488
688 767
688 275
689 271
689 541
689 349
690 33
690 460
691 422
691 656
691 546
691 847
692 474
692 642
692 641
692 216
693 157
693 657
693 628
694 211
694 591
694 644
694 88
695 406
695 820
695 454
695 658
696 214
696 180
696 805
697 670
697 157
697 226
698 779
698 475
698 615
698 574
698 490
698 509
698 560
698 164
698 870
699 151
699 154
699 501
699 665
701 552
701 159
702 362
702 661
702 890
703 182
703 737
703 514
703 518
704 488
704 494
704 718
705 145
705 437
705 122
705 709
705 156
705 192
706 88
706 516
706 179
706 499
706 742
707 373
707 708
707 832
708 707
708 373
708 627
708 832
709 145
709 705
709 122
709 437
709 156
709 192
710 683
710 378
710 356
711 524
711 616
711 858
711 373
712 427
712 550
713 408
713 796
713 587
713 645
713 604
713 59
713 887
714 571
714 572
714 347
714 262
714 281
715 404
715 54
715 764
715 55
715 768
715 865
716 281
716 487
716 654
716 212
717 410
717 609
717 734
717 358
717 824
717 825
718 704
718 609
718 488
718 358
718 774
719 470
719 363
719 75
720 531
720 209
720 619
720 412
720 769
721 158
721 166
721 527
721 621
721 740
721 744
721 881
722 116
722 755
723 392
723 530
723 648
723 685
723 629
724 128
724 473
724 771
724 229
725 378
725 381
725 593
725 594
725 652
726 281
726 220
726 571
726 572
726 262
726 498
727 224
727 603
727 780
728 226
728 485
729 543
729 812
729 489
729 234
730 293
730 602
730 631
730 664
731 285
731 600
731 606
731 827
732 470
732 356
733 830
733 383
734 717
734 609
734 824
734 825
735 641
735 41
735 292
736 517
736 556
736 189
736 173
736 755
737 182
737 703
737 518
737 514
738 1
738 513
738 173
738 614
738 784
739 189
739 417
739 672
739 409
740 165
740 748
740 818
740 527
740 621
740 721
740 882
741 424
741 352
742 228
742 516
742 706
742 519
742 891
743 383
743 747
743 127
743 809
743 436
744 721
744 527
744 879
745 622
745 62
745 443
745 538
745 448
746 329
746 567
746 148
746 159
746 191
746 198
747 383
747 743
747 436
748 226
748 247
748 740
748 882
748 881
749 149
749 502
749 647
750 638
750 799
751 392
751 539
751 530
751 629
751 648
751 685
751 800
752 146
752 633
752 143
752 412
752 619
752 769
753 275
753 781
754 194
754 761
754 471
754 535
754 635
755 508
755 722
755 736
755 189
755 777
756 180
756 620
756 441
756 788
756 583
756 861
757 328
757 821
758 27
758 262
758 805
759 510
760 348
760 213
760 650
760 181
760 781
761 194
761 754
761 635
761 471
761 535
763 414
763 21
764 404
764 715
764 55
764 768
764 865
765 422
765 521
765 265
765 589
765 773
765 847
766 234
766 533
766 152
766 151
766 153
766 791
766 878
767 688
767 275
768 404
768 715
768 764
769 146
769 752
769 720
770 151
770 152
770 154
770 153
770 871
771 128
771 724
771 127
772 177
772 176
772 64
772 512
772 578
772 807
772 149
772 168
773 265
773 765
773 46
773 589
774 718
774 348
774 60
775 396
775 520
775 680
775 630
775 667
776 347
776 220
776 843
776 498
777 384
777 646
777 662
777 755
777 189
778 189
778 383
778 417
778 672
779 162
779 698
779 475
779 574
779 615
779 870
779 47
780 603
780 727
780 224
780 851
781 182
781 753
781 760
782 57
782 532
782 169
782 458
782 840
783 384
783 411
783 549
783 18
783 886
784 738
784 555
785 204
785 465
785 550
785 548
786 377
786 671
787 46
787 589
787 675
788 180
788 620
788 756
788 861
789 133
789 238
789 822
789 239
790 296
790 561
790 639
790 579
790 180
790 385
790 511
790 554
790 205
791 227
791 573
791 766
791 234
792 505
792 674
792 45
792 150
793 418
793 504
793 204
793 868
794 238
794 326
794 522
794 617
794 282
794 189
794 377
794 806
794 863
794 860
795 135
795 876
796 587
796 713
796 408
796 59
796 604
796 645
797 151
797 154
797 841
798 234
798 18
798 613
798 557
798 537
798 520
799 392
799 530
799 800
799 648
799 638
799 750
800 392
800 530
800 539
800 799
800 751
801 545
801 648
801 687
801 874
802 427
802 550
802 813
803 392
803 466
803 648
803 829
804 536
804 517
804 556
804 838
804 189
804 383
804 384
805 758
805 696
806 238
806 617
806 282
806 522
806 794
806 863
807 64
807 772
807 578
807 512
807 176
808 216
808 580
808 287
809 383
809 662
809 743
810 169
810 458
810 57
810 840
811 220
812 234
812 533
812 543
812 729
813 427
813 802
814 160
814 484
814 625
814 202
814 93
815 250
815 227
816 276
816 329
816 349
816 500
817 478
817 131
817 681
817 58
817 889
818 56
818 165
818 247
818 379
818 740
818 837
818 881
820 406
820 695
820 454
820 14
821 328
821 757
822 133
822 238
822 789
822 239
822 175
823 27
824 410
824 609
824 717
824 825
824 734
825 824
825 734
825 717
826 622
826 62
826 443
826 538
826 595
826 660
826 12
827 285
827 600
827 731
827 606
828 508
829 459
829 476
829 803
829 637
829 392
830 640
830 733
830 469
830 563
830 544
830 235
830 236
830 686
831 145
831 329
831 284
832 373
832 707
832 708
834 158
834 564
834 569
834 835
834 233
834 880
835 158
835 834
835 569
835 496
835 880
837 166
837 610
837 818
838 383
838 536
838 556
838 804
839 292
839 607
839 16
839 598
840 169
840 782
840 810
840 458
840 57
841 154
841 669
841 797
842 147
842 351
842 355
842 398
843 281
843 776
843 571
843 572
843 608
843 262
844 562
844 154
844 501
845 638
845 217
845 855
846 189
846 383
846 417
846 672
847 422
847 265
847 521
847 546
847 592
847 656
847 691
847 765
848 41
848 641
848 389
848 590
848 852
848 83
849 407
849 555
849 856
849 655
849 547
849 497
849 866
850 461
850 577
850 208
851 329
851 340
851 603
851 780
852 216
852 848
853 480
853 77
854 237
854 534
854 398
855 612
855 845
855 378
855 381
856 442
856 547
856 655
856 407
856 497
856 555
856 551
856 606
856 849
856 866
858 524
858 616
858 205
858 711
859 374
860 794
861 620
861 788
861 756
861 441
862 511
862 385
862 579
863 617
863 806
863 238
863 282
863 794
864 132
865 764
865 55
865 54
865 715
866 551
866 442
866 547
866 655
866 497
866 856
866 407
866 555
866 849
866 911
866 914
866 912
866 913
867 65
868 793
869 536
870 475
870 779
870 698
870 574
870 615
871 152
871 151
871 770
871 153
872 30
872 28
873 392
873 530
873 629
874 637
874 687
874 801
875 462
875 581
875 676
875 682
876 479
876 795
877 467
878 766
879 744
880 569
880 835
880 834
880 564
880 496
881 527
881 721
881 818
881 748
882 748
882 740
883 577
884 187
886 783
886 411
886 549
887 643
887 713
888 519
888 619
889 817
889 681
889 478
890 148
890 191
890 702
891 179
891 742
892 179
222 172
354 352
893 286
894 285
894 895
894 896
894 899
895 894
895 285
896 894
896 285
897 286
899 894
899 285
900 379
901 259
902 257
903 88
904 76
904 906
905 76
905 906
906 905
906 76
906 904
907 421
907 909
909 421
909 907
910 219
911 407
911 912
911 913
911 914
911 866
912 407
912 911
912 913
912 58
912 914
912 866
913 58
913 407
913 911
913 912
913 914
913 866
914 58
914 911
914 912
914 913
914 407
914 866
